(kicad_pcb (version 20171130) (host pcbnew "(5.1.0-rc2-21-g16b3c80a7)")

  (general
    (thickness 1.6)
    (drawings 39)
    (tracks 537)
    (zones 0)
    (modules 12)
    (nets 15)
  )

  (page A)
  (title_block
    (title "TLE7209-2R Module")
    (date 2019-01-31)
    (rev R0.1)
  )

  (layers
    (0 F.Cu signal)
    (31 B.Cu signal)
    (32 B.Adhes user)
    (33 F.Adhes user)
    (34 B.Paste user)
    (35 F.Paste user)
    (36 B.SilkS user)
    (37 F.SilkS user)
    (38 B.Mask user)
    (39 F.Mask user)
    (40 Dwgs.User user)
    (41 Cmts.User user)
    (42 Eco1.User user)
    (43 Eco2.User user)
    (44 Edge.Cuts user)
    (45 Margin user)
    (46 B.CrtYd user)
    (47 F.CrtYd user)
    (48 B.Fab user hide)
    (49 F.Fab user hide)
  )

  (setup
    (last_trace_width 0.1524)
    (user_trace_width 0.1524)
    (user_trace_width 0.2159)
    (user_trace_width 0.2159)
    (user_trace_width 0.3048)
    (user_trace_width 0.6)
    (user_trace_width 1.0668)
    (user_trace_width 1.651)
    (user_trace_width 1.6764)
    (user_trace_width 2.7178)
    (trace_clearance 0.1524)
    (zone_clearance 0.254)
    (zone_45_only no)
    (trace_min 0.1524)
    (via_size 0.6)
    (via_drill 0.3)
    (via_min_size 0)
    (via_min_drill 0.3)
    (user_via 0.6 0.3)
    (user_via 0.78994 0.43434)
    (user_via 1 0.5)
    (user_via 1.54178 1.18618)
    (uvia_size 0.508)
    (uvia_drill 0.127)
    (uvias_allowed no)
    (uvia_min_size 0.508)
    (uvia_min_drill 0.127)
    (edge_width 0.15)
    (segment_width 0.2)
    (pcb_text_width 0.3)
    (pcb_text_size 1.5 1.5)
    (mod_edge_width 0.25)
    (mod_text_size 1 1)
    (mod_text_width 0.15)
    (pad_size 3 3)
    (pad_drill 3)
    (pad_to_mask_clearance 0.000051)
    (aux_axis_origin 0 0)
    (visible_elements 7FFFFFFF)
    (pcbplotparams
      (layerselection 0x0d0fc_ffffffff)
      (usegerberextensions false)
      (usegerberattributes false)
      (usegerberadvancedattributes false)
      (creategerberjobfile true)
      (excludeedgelayer false)
      (linewidth 0.100000)
      (plotframeref false)
      (viasonmask false)
      (mode 1)
      (useauxorigin true)
      (hpglpennumber 1)
      (hpglpenspeed 20)
      (hpglpendiameter 15.000000)
      (psnegative false)
      (psa4output false)
      (plotreference true)
      (plotvalue true)
      (plotinvisibletext false)
      (padsonsilk false)
      (subtractmaskfromsilk false)
      (outputformat 1)
      (mirror false)
      (drillshape 0)
      (scaleselection 1)
      (outputdirectory "Gerbers/"))
  )

  (net 0 "")
  (net 1 GND)
  (net 2 /5V)
  (net 3 /DIS)
  (net 4 /EN)
  (net 5 "Net-(C1-Pad1)")
  (net 6 /12V)
  (net 7 "Net-(C2-Pad2)")
  (net 8 /OUT1)
  (net 9 /OUT2)
  (net 10 /SF)
  (net 11 /IN2)
  (net 12 /IN1)
  (net 13 "Net-(U1-Pad17)")
  (net 14 "Net-(J1-Pad8)")

  (net_class Default "This is the default net class."
    (clearance 0.1524)
    (trace_width 0.1524)
    (via_dia 0.6)
    (via_drill 0.3)
    (uvia_dia 0.508)
    (uvia_drill 0.127)
    (add_net /12V)
    (add_net /5V)
    (add_net /DIS)
    (add_net /EN)
    (add_net /IN1)
    (add_net /IN2)
    (add_net /OUT1)
    (add_net /OUT2)
    (add_net /SF)
    (add_net GND)
    (add_net "Net-(C1-Pad1)")
    (add_net "Net-(C2-Pad2)")
    (add_net "Net-(J1-Pad8)")
    (add_net "Net-(U1-Pad17)")
  )

  (net_class "1A EXTERNAL" ""
    (clearance 0.1905)
    (trace_width 0.3048)
    (via_dia 0.6858)
    (via_drill 0.3302)
    (uvia_dia 0.508)
    (uvia_drill 0.127)
  )

  (net_class "2.5A EXTERNAL" ""
    (clearance 0.2159)
    (trace_width 1.0668)
    (via_dia 0.6858)
    (via_drill 0.3302)
    (uvia_dia 0.508)
    (uvia_drill 0.127)
  )

  (net_class "3,5A EXT HIGH VOLTAGE" ""
    (clearance 1.016)
    (trace_width 1.6764)
    (via_dia 0.6858)
    (via_drill 0.3302)
    (uvia_dia 0.508)
    (uvia_drill 0.127)
  )

  (net_class "3.5A EXTERNAL" ""
    (clearance 0.2159)
    (trace_width 1.651)
    (via_dia 1.0922)
    (via_drill 0.6858)
    (uvia_dia 0.508)
    (uvia_drill 0.127)
  )

  (net_class "5A EXTERNAL" ""
    (clearance 0.2159)
    (trace_width 1.0668)
    (via_dia 1.54178)
    (via_drill 1.18618)
    (uvia_dia 0.508)
    (uvia_drill 0.127)
  )

  (net_class CUSTOM ""
    (clearance 0.1524)
    (trace_width 0.25)
    (via_dia 0.6)
    (via_drill 0.3)
    (uvia_dia 0.508)
    (uvia_drill 0.127)
  )

  (net_class "CUSTOM 0.6" ""
    (clearance 0.1524)
    (trace_width 0.6)
    (via_dia 1)
    (via_drill 0.4)
    (uvia_dia 0.508)
    (uvia_drill 0.127)
  )

  (net_class MIN_EXTERN_188A ""
    (clearance 0.1524)
    (trace_width 0.1524)
    (via_dia 0.6858)
    (via_drill 0.3302)
    (uvia_dia 0.508)
    (uvia_drill 0.127)
  )

  (net_class MIN_EXTERN_241A ""
    (clearance 0.1524)
    (trace_width 0.2159)
    (via_dia 0.6)
    (via_drill 0.3)
    (uvia_dia 0.508)
    (uvia_drill 0.127)
  )

  (module Package_SO:HSOP-20-1EP_11.0x15.9mm_P1.27mm_SlugDown_ThermalVias (layer F.Cu) (tedit 5A02F2D3) (tstamp 5CC38514)
    (at 53.721 30.861 90)
    (descr "HSOP 11.0x15.9mm Pitch 1.27mm Slug Down Thermal Vias (PowerSO-20) [JEDEC MO-166] (http://www.st.com/resource/en/datasheet/tda7266d.pdf, www.st.com/resource/en/application_note/cd00003801.pdf)")
    (tags "HSOP 11.0 x 15.9mm Pitch 1.27mm")
    (path /5C65688D)
    (attr smd)
    (fp_text reference U1 (at 0 -9 90) (layer F.SilkS)
      (effects (font (size 1 1) (thickness 0.15)))
    )
    (fp_text value TLE7209-2R (at 0 9 90) (layer F.Fab)
      (effects (font (size 1 1) (thickness 0.15)))
    )
    (fp_line (start 5.6 8.05) (end 2 8.05) (layer F.SilkS) (width 0.12))
    (fp_line (start -2 -8.05) (end -5.6 -8.05) (layer F.SilkS) (width 0.12))
    (fp_line (start 7.95 8.3) (end -7.95 8.3) (layer F.CrtYd) (width 0.05))
    (fp_line (start 7.95 8.3) (end 7.95 -8.3) (layer F.CrtYd) (width 0.05))
    (fp_line (start -7.95 -8.3) (end -7.95 8.3) (layer F.CrtYd) (width 0.05))
    (fp_line (start -7.95 -8.3) (end 7.95 -8.3) (layer F.CrtYd) (width 0.05))
    (fp_line (start -5.5 -6.95) (end -5.5 7.95) (layer F.Fab) (width 0.1))
    (fp_line (start -4.5 -7.95) (end -5.5 -6.95) (layer F.Fab) (width 0.1))
    (fp_line (start 5.5 -7.95) (end -4.5 -7.95) (layer F.Fab) (width 0.1))
    (fp_line (start 5.5 7.95) (end 5.5 -7.95) (layer F.Fab) (width 0.1))
    (fp_line (start -5.5 7.95) (end 5.5 7.95) (layer F.Fab) (width 0.1))
    (fp_text user %R (at 0 0 90) (layer F.Fab)
      (effects (font (size 1 1) (thickness 0.15)))
    )
    (fp_line (start -5.6 -6.3) (end -7.6 -6.3) (layer F.SilkS) (width 0.12))
    (fp_line (start -5.6 -8.05) (end -5.6 -6.3) (layer F.SilkS) (width 0.12))
    (fp_line (start 5.6 -8.05) (end 2 -8.05) (layer F.SilkS) (width 0.12))
    (fp_line (start -5.6 8.05) (end -5.6 6.3) (layer F.SilkS) (width 0.12))
    (fp_line (start -2 8.05) (end -5.6 8.05) (layer F.SilkS) (width 0.12))
    (fp_line (start 5.6 8.05) (end 5.6 6.3) (layer F.SilkS) (width 0.12))
    (fp_line (start 5.6 -8.05) (end 5.6 -6.3) (layer F.SilkS) (width 0.12))
    (pad 21 smd rect (at 0 0 90) (size 6.78 11.86) (layers B.Cu)
      (net 1 GND))
    (pad 21 thru_hole circle (at -1.27 -5.08 90) (size 1 1) (drill 0.7) (layers *.Cu)
      (net 1 GND))
    (pad 21 thru_hole circle (at 0 -5.08 90) (size 1 1) (drill 0.7) (layers *.Cu)
      (net 1 GND))
    (pad 21 thru_hole circle (at 1.27 -5.08 90) (size 1 1) (drill 0.7) (layers *.Cu)
      (net 1 GND))
    (pad 21 thru_hole circle (at -2.54 -2.54 90) (size 1 1) (drill 0.7) (layers *.Cu)
      (net 1 GND))
    (pad 21 thru_hole circle (at -1.27 -2.54 90) (size 1 1) (drill 0.7) (layers *.Cu)
      (net 1 GND))
    (pad 21 thru_hole circle (at 0 -2.54 90) (size 1 1) (drill 0.7) (layers *.Cu)
      (net 1 GND))
    (pad 21 thru_hole circle (at 1.27 -2.54 90) (size 1 1) (drill 0.7) (layers *.Cu)
      (net 1 GND))
    (pad 21 thru_hole circle (at 2.54 -2.54 90) (size 1 1) (drill 0.7) (layers *.Cu)
      (net 1 GND))
    (pad 21 thru_hole circle (at -2.54 0 90) (size 1 1) (drill 0.7) (layers *.Cu)
      (net 1 GND))
    (pad 21 thru_hole circle (at -1.27 0 90) (size 1 1) (drill 0.7) (layers *.Cu)
      (net 1 GND))
    (pad 21 thru_hole circle (at 0 0 90) (size 1 1) (drill 0.7) (layers *.Cu)
      (net 1 GND))
    (pad 21 thru_hole circle (at 1.27 0 90) (size 1 1) (drill 0.7) (layers *.Cu)
      (net 1 GND))
    (pad 21 thru_hole circle (at 2.54 0 90) (size 1 1) (drill 0.7) (layers *.Cu)
      (net 1 GND))
    (pad 21 thru_hole circle (at -2.54 2.54 90) (size 1 1) (drill 0.7) (layers *.Cu)
      (net 1 GND))
    (pad 21 thru_hole circle (at -1.27 2.54 90) (size 1 1) (drill 0.7) (layers *.Cu)
      (net 1 GND))
    (pad 21 thru_hole circle (at 0 2.54 90) (size 1 1) (drill 0.7) (layers *.Cu)
      (net 1 GND))
    (pad 21 thru_hole circle (at 1.27 2.54 90) (size 1 1) (drill 0.7) (layers *.Cu)
      (net 1 GND))
    (pad 21 thru_hole circle (at 2.54 2.54 90) (size 1 1) (drill 0.7) (layers *.Cu)
      (net 1 GND))
    (pad 21 thru_hole circle (at -1.27 5.08 90) (size 1 1) (drill 0.7) (layers *.Cu)
      (net 1 GND))
    (pad 21 thru_hole circle (at 0 5.08 90) (size 1 1) (drill 0.7) (layers *.Cu)
      (net 1 GND))
    (pad 21 thru_hole circle (at 1.27 5.08 90) (size 1 1) (drill 0.7) (layers *.Cu)
      (net 1 GND))
    (pad 21 smd rect (at 0 6.8425 90) (size 3.4 2.415) (layers F.Cu F.Paste F.Mask)
      (net 1 GND))
    (pad 21 smd rect (at 0 -6.8425 90) (size 3.4 2.415) (layers F.Cu F.Paste F.Mask)
      (net 1 GND))
    (pad 20 smd rect (at 6.85 -5.715 90) (size 1.7 0.7) (layers F.Cu F.Paste F.Mask)
      (net 1 GND))
    (pad 19 smd rect (at 6.85 -4.445 90) (size 1.7 0.7) (layers F.Cu F.Paste F.Mask)
      (net 11 /IN2))
    (pad 18 smd rect (at 6.85 -3.175 90) (size 1.7 0.7) (layers F.Cu F.Paste F.Mask)
      (net 3 /DIS))
    (pad 17 smd rect (at 6.85 -1.905 90) (size 1.7 0.7) (layers F.Cu F.Paste F.Mask)
      (net 13 "Net-(U1-Pad17)"))
    (pad 16 smd rect (at 6.85 -0.635 90) (size 1.7 0.7) (layers F.Cu F.Paste F.Mask)
      (net 5 "Net-(C1-Pad1)"))
    (pad 15 smd rect (at 6.85 0.635 90) (size 1.7 0.7) (layers F.Cu F.Paste F.Mask)
      (net 9 /OUT2))
    (pad 14 smd rect (at 6.85 1.905 90) (size 1.7 0.7) (layers F.Cu F.Paste F.Mask)
      (net 9 /OUT2))
    (pad 13 smd rect (at 6.85 3.175 90) (size 1.7 0.7) (layers F.Cu F.Paste F.Mask)
      (net 4 /EN))
    (pad 12 smd rect (at 6.85 4.445 90) (size 1.7 0.7) (layers F.Cu F.Paste F.Mask)
      (net 1 GND))
    (pad 11 smd rect (at 6.85 5.715 90) (size 1.7 0.7) (layers F.Cu F.Paste F.Mask)
      (net 1 GND))
    (pad 10 smd rect (at -6.85 5.715 90) (size 1.7 0.7) (layers F.Cu F.Paste F.Mask)
      (net 1 GND))
    (pad 9 smd rect (at -6.85 4.445 90) (size 1.7 0.7) (layers F.Cu F.Paste F.Mask)
      (net 1 GND))
    (pad 8 smd rect (at -6.85 3.175 90) (size 1.7 0.7) (layers F.Cu F.Paste F.Mask)
      (net 1 GND))
    (pad 7 smd rect (at -6.85 1.905 90) (size 1.7 0.7) (layers F.Cu F.Paste F.Mask)
      (net 8 /OUT1))
    (pad 6 smd rect (at -6.85 0.635 90) (size 1.7 0.7) (layers F.Cu F.Paste F.Mask)
      (net 8 /OUT1))
    (pad 5 smd rect (at -6.85 -0.635 90) (size 1.7 0.7) (layers F.Cu F.Paste F.Mask)
      (net 5 "Net-(C1-Pad1)"))
    (pad 4 smd rect (at -6.85 -1.905 90) (size 1.7 0.7) (layers F.Cu F.Paste F.Mask)
      (net 7 "Net-(C2-Pad2)"))
    (pad 3 smd rect (at -6.85 -3.175 90) (size 1.7 0.7) (layers F.Cu F.Paste F.Mask)
      (net 12 /IN1))
    (pad 2 smd rect (at -6.85 -4.445 90) (size 1.7 0.7) (layers F.Cu F.Paste F.Mask)
      (net 10 /SF))
    (pad 21 smd rect (at 0 0 90) (size 6.4 11.27) (layers F.Cu F.Paste F.Mask)
      (net 1 GND))
    (pad 1 smd rect (at -6.85 -5.715 90) (size 1.7 0.7) (layers F.Cu F.Paste F.Mask)
      (net 1 GND))
    (model ${KISYS3DMOD}/Package_SO.3dshapes/HTSSOP-20-1EP_4.4x6.5mm_P0.65mm_EP3.4x6.5mm_Mask2.75x3.43mm.step
      (at (xyz 0 0 0))
      (scale (xyz 2.2 1.95 2))
      (rotate (xyz 0 0 0))
    )
  )

  (module Resistor_SMD:R_0805_2012Metric_Pad1.15x1.40mm_HandSolder (layer F.Cu) (tedit 5B36C52B) (tstamp 5CC3814B)
    (at 34.0995 25.3365 90)
    (descr "Resistor SMD 0805 (2012 Metric), square (rectangular) end terminal, IPC_7351 nominal with elongated pad for handsoldering. (Body size source: https://docs.google.com/spreadsheets/d/1BsfQQcO9C6DZCsRaXUlFlo91Tg2WpOkGARC1WS5S8t0/edit?usp=sharing), generated with kicad-footprint-generator")
    (tags "resistor handsolder")
    (path /5CC3BCBC)
    (attr smd)
    (fp_text reference R5 (at 0 1.778 90) (layer F.SilkS)
      (effects (font (size 1 1) (thickness 0.15)))
    )
    (fp_text value 10K (at 0 1.65 90) (layer F.Fab)
      (effects (font (size 1 1) (thickness 0.15)))
    )
    (fp_text user %R (at 0 0 90) (layer F.Fab)
      (effects (font (size 0.5 0.5) (thickness 0.08)))
    )
    (fp_line (start 1.85 0.95) (end -1.85 0.95) (layer F.CrtYd) (width 0.05))
    (fp_line (start 1.85 -0.95) (end 1.85 0.95) (layer F.CrtYd) (width 0.05))
    (fp_line (start -1.85 -0.95) (end 1.85 -0.95) (layer F.CrtYd) (width 0.05))
    (fp_line (start -1.85 0.95) (end -1.85 -0.95) (layer F.CrtYd) (width 0.05))
    (fp_line (start -0.261252 0.71) (end 0.261252 0.71) (layer F.SilkS) (width 0.12))
    (fp_line (start -0.261252 -0.71) (end 0.261252 -0.71) (layer F.SilkS) (width 0.12))
    (fp_line (start 1 0.6) (end -1 0.6) (layer F.Fab) (width 0.1))
    (fp_line (start 1 -0.6) (end 1 0.6) (layer F.Fab) (width 0.1))
    (fp_line (start -1 -0.6) (end 1 -0.6) (layer F.Fab) (width 0.1))
    (fp_line (start -1 0.6) (end -1 -0.6) (layer F.Fab) (width 0.1))
    (pad 2 smd roundrect (at 1.025 0 90) (size 1.15 1.4) (layers F.Cu F.Paste F.Mask) (roundrect_rratio 0.217391)
      (net 3 /DIS))
    (pad 1 smd roundrect (at -1.025 0 90) (size 1.15 1.4) (layers F.Cu F.Paste F.Mask) (roundrect_rratio 0.217391)
      (net 1 GND))
    (model ${KISYS3DMOD}/Resistor_SMD.3dshapes/R_0805_2012Metric.wrl
      (at (xyz 0 0 0))
      (scale (xyz 1 1 1))
      (rotate (xyz 0 0 0))
    )
  )

  (module Resistor_SMD:R_0805_2012Metric_Pad1.15x1.40mm_HandSolder (layer B.Cu) (tedit 5B36C52B) (tstamp 5CC3813A)
    (at 27.3685 26.924 180)
    (descr "Resistor SMD 0805 (2012 Metric), square (rectangular) end terminal, IPC_7351 nominal with elongated pad for handsoldering. (Body size source: https://docs.google.com/spreadsheets/d/1BsfQQcO9C6DZCsRaXUlFlo91Tg2WpOkGARC1WS5S8t0/edit?usp=sharing), generated with kicad-footprint-generator")
    (tags "resistor handsolder")
    (path /5CC38B64)
    (attr smd)
    (fp_text reference R4 (at 0 -1.651 180) (layer B.SilkS)
      (effects (font (size 1 1) (thickness 0.15)) (justify mirror))
    )
    (fp_text value 10K (at 0 -1.65 180) (layer B.Fab)
      (effects (font (size 1 1) (thickness 0.15)) (justify mirror))
    )
    (fp_text user %R (at 0 0 180) (layer B.Fab)
      (effects (font (size 0.5 0.5) (thickness 0.08)) (justify mirror))
    )
    (fp_line (start 1.85 -0.95) (end -1.85 -0.95) (layer B.CrtYd) (width 0.05))
    (fp_line (start 1.85 0.95) (end 1.85 -0.95) (layer B.CrtYd) (width 0.05))
    (fp_line (start -1.85 0.95) (end 1.85 0.95) (layer B.CrtYd) (width 0.05))
    (fp_line (start -1.85 -0.95) (end -1.85 0.95) (layer B.CrtYd) (width 0.05))
    (fp_line (start -0.261252 -0.71) (end 0.261252 -0.71) (layer B.SilkS) (width 0.12))
    (fp_line (start -0.261252 0.71) (end 0.261252 0.71) (layer B.SilkS) (width 0.12))
    (fp_line (start 1 -0.6) (end -1 -0.6) (layer B.Fab) (width 0.1))
    (fp_line (start 1 0.6) (end 1 -0.6) (layer B.Fab) (width 0.1))
    (fp_line (start -1 0.6) (end 1 0.6) (layer B.Fab) (width 0.1))
    (fp_line (start -1 -0.6) (end -1 0.6) (layer B.Fab) (width 0.1))
    (pad 2 smd roundrect (at 1.025 0 180) (size 1.15 1.4) (layers B.Cu B.Paste B.Mask) (roundrect_rratio 0.217391)
      (net 2 /5V))
    (pad 1 smd roundrect (at -1.025 0 180) (size 1.15 1.4) (layers B.Cu B.Paste B.Mask) (roundrect_rratio 0.217391)
      (net 4 /EN))
    (model ${KISYS3DMOD}/Resistor_SMD.3dshapes/R_0805_2012Metric.wrl
      (at (xyz 0 0 0))
      (scale (xyz 1 1 1))
      (rotate (xyz 0 0 0))
    )
  )

  (module Resistor_SMD:R_0805_2012Metric_Pad1.15x1.40mm_HandSolder (layer B.Cu) (tedit 5B36C52B) (tstamp 5CC38109)
    (at 52.578 40.132 180)
    (descr "Resistor SMD 0805 (2012 Metric), square (rectangular) end terminal, IPC_7351 nominal with elongated pad for handsoldering. (Body size source: https://docs.google.com/spreadsheets/d/1BsfQQcO9C6DZCsRaXUlFlo91Tg2WpOkGARC1WS5S8t0/edit?usp=sharing), generated with kicad-footprint-generator")
    (tags "resistor handsolder")
    (path /5C6B98FD)
    (attr smd)
    (fp_text reference R2 (at 0 1.65 180) (layer B.SilkS)
      (effects (font (size 1 1) (thickness 0.15)) (justify mirror))
    )
    (fp_text value 1M (at 0 -1.65 180) (layer B.Fab)
      (effects (font (size 1 1) (thickness 0.15)) (justify mirror))
    )
    (fp_text user %R (at 0 0 180) (layer B.Fab)
      (effects (font (size 0.5 0.5) (thickness 0.08)) (justify mirror))
    )
    (fp_line (start 1.85 -0.95) (end -1.85 -0.95) (layer B.CrtYd) (width 0.05))
    (fp_line (start 1.85 0.95) (end 1.85 -0.95) (layer B.CrtYd) (width 0.05))
    (fp_line (start -1.85 0.95) (end 1.85 0.95) (layer B.CrtYd) (width 0.05))
    (fp_line (start -1.85 -0.95) (end -1.85 0.95) (layer B.CrtYd) (width 0.05))
    (fp_line (start -0.261252 -0.71) (end 0.261252 -0.71) (layer B.SilkS) (width 0.12))
    (fp_line (start -0.261252 0.71) (end 0.261252 0.71) (layer B.SilkS) (width 0.12))
    (fp_line (start 1 -0.6) (end -1 -0.6) (layer B.Fab) (width 0.1))
    (fp_line (start 1 0.6) (end 1 -0.6) (layer B.Fab) (width 0.1))
    (fp_line (start -1 0.6) (end 1 0.6) (layer B.Fab) (width 0.1))
    (fp_line (start -1 -0.6) (end -1 0.6) (layer B.Fab) (width 0.1))
    (pad 2 smd roundrect (at 1.025 0 180) (size 1.15 1.4) (layers B.Cu B.Paste B.Mask) (roundrect_rratio 0.217391)
      (net 7 "Net-(C2-Pad2)"))
    (pad 1 smd roundrect (at -1.025 0 180) (size 1.15 1.4) (layers B.Cu B.Paste B.Mask) (roundrect_rratio 0.217391)
      (net 5 "Net-(C1-Pad1)"))
    (model ${KISYS3DMOD}/Resistor_SMD.3dshapes/R_0805_2012Metric.wrl
      (at (xyz 0 0 0))
      (scale (xyz 1 1 1))
      (rotate (xyz 0 0 0))
    )
  )

  (module Connector_PinHeader_2.54mm:PinHeader_2x08_P2.54mm_Vertical (layer F.Cu) (tedit 59FED5CC) (tstamp 5CC3849D)
    (at 39.497 38.1 270)
    (descr "Through hole straight pin header, 2x08, 2.54mm pitch, double rows")
    (tags "Through hole pin header THT 2x08 2.54mm double row")
    (path /5CC3CB8F)
    (fp_text reference J1 (at 1.27 -2.33 270) (layer F.SilkS) hide
      (effects (font (size 1 1) (thickness 0.15)))
    )
    (fp_text value Conn_02x06_Odd_Even (at 1.27 20.11 270) (layer F.Fab)
      (effects (font (size 1 1) (thickness 0.15)))
    )
    (fp_text user %R (at 1.27 8.89) (layer F.Fab)
      (effects (font (size 1 1) (thickness 0.15)))
    )
    (fp_line (start 4.35 -1.8) (end -1.8 -1.8) (layer F.CrtYd) (width 0.05))
    (fp_line (start 4.35 19.55) (end 4.35 -1.8) (layer F.CrtYd) (width 0.05))
    (fp_line (start -1.8 19.55) (end 4.35 19.55) (layer F.CrtYd) (width 0.05))
    (fp_line (start -1.8 -1.8) (end -1.8 19.55) (layer F.CrtYd) (width 0.05))
    (fp_line (start -1.33 -1.33) (end 0 -1.33) (layer F.SilkS) (width 0.12))
    (fp_line (start -1.33 0) (end -1.33 -1.33) (layer F.SilkS) (width 0.12))
    (fp_line (start 1.27 -1.33) (end 3.87 -1.33) (layer F.SilkS) (width 0.12))
    (fp_line (start 1.27 1.27) (end 1.27 -1.33) (layer F.SilkS) (width 0.12))
    (fp_line (start -1.33 1.27) (end 1.27 1.27) (layer F.SilkS) (width 0.12))
    (fp_line (start 3.87 -1.33) (end 3.87 19.11) (layer F.SilkS) (width 0.12))
    (fp_line (start -1.33 1.27) (end -1.33 19.11) (layer F.SilkS) (width 0.12))
    (fp_line (start -1.33 19.11) (end 3.87 19.11) (layer F.SilkS) (width 0.12))
    (fp_line (start -1.27 0) (end 0 -1.27) (layer F.Fab) (width 0.1))
    (fp_line (start -1.27 19.05) (end -1.27 0) (layer F.Fab) (width 0.1))
    (fp_line (start 3.81 19.05) (end -1.27 19.05) (layer F.Fab) (width 0.1))
    (fp_line (start 3.81 -1.27) (end 3.81 19.05) (layer F.Fab) (width 0.1))
    (fp_line (start 0 -1.27) (end 3.81 -1.27) (layer F.Fab) (width 0.1))
    (pad 16 thru_hole oval (at 2.54 17.78 270) (size 1.7 1.7) (drill 1) (layers *.Cu *.Mask)
      (net 1 GND))
    (pad 15 thru_hole oval (at 0 17.78 270) (size 1.7 1.7) (drill 1) (layers *.Cu *.Mask)
      (net 1 GND))
    (pad 14 thru_hole oval (at 2.54 15.24 270) (size 1.7 1.7) (drill 1) (layers *.Cu *.Mask)
      (net 2 /5V))
    (pad 13 thru_hole oval (at 0 15.24 270) (size 1.7 1.7) (drill 1) (layers *.Cu *.Mask)
      (net 2 /5V))
    (pad 12 thru_hole oval (at 2.54 12.7 270) (size 1.7 1.7) (drill 1) (layers *.Cu *.Mask)
      (net 6 /12V))
    (pad 11 thru_hole oval (at 0 12.7 270) (size 1.7 1.7) (drill 1) (layers *.Cu *.Mask)
      (net 6 /12V))
    (pad 10 thru_hole oval (at 2.54 10.16 270) (size 1.7 1.7) (drill 1) (layers *.Cu *.Mask)
      (net 3 /DIS))
    (pad 9 thru_hole oval (at 0 10.16 270) (size 1.7 1.7) (drill 1) (layers *.Cu *.Mask)
      (net 4 /EN))
    (pad 8 thru_hole oval (at 2.54 7.62 270) (size 1.7 1.7) (drill 1) (layers *.Cu *.Mask)
      (net 14 "Net-(J1-Pad8)"))
    (pad 7 thru_hole oval (at 0 7.62 270) (size 1.7 1.7) (drill 1) (layers *.Cu *.Mask)
      (net 11 /IN2))
    (pad 6 thru_hole oval (at 2.54 5.08 270) (size 1.7 1.7) (drill 1) (layers *.Cu *.Mask)
      (net 12 /IN1))
    (pad 5 thru_hole oval (at 0 5.08 270) (size 1.7 1.7) (drill 1) (layers *.Cu *.Mask)
      (net 10 /SF))
    (pad 4 thru_hole oval (at 2.54 2.54 270) (size 1.7 1.7) (drill 1) (layers *.Cu *.Mask)
      (net 9 /OUT2))
    (pad 3 thru_hole oval (at 0 2.54 270) (size 1.7 1.7) (drill 1) (layers *.Cu *.Mask)
      (net 9 /OUT2))
    (pad 2 thru_hole oval (at 2.54 0 270) (size 1.7 1.7) (drill 1) (layers *.Cu *.Mask)
      (net 8 /OUT1))
    (pad 1 thru_hole rect (at 0 0 270) (size 1.7 1.7) (drill 1) (layers *.Cu *.Mask)
      (net 8 /OUT1))
    (model ${KISYS3DMOD}/Connector_PinHeader_2.54mm.3dshapes/PinHeader_2x08_P2.54mm_Vertical.wrl
      (at (xyz 0 0 0))
      (scale (xyz 1 1 1))
      (rotate (xyz 0 0 0))
    )
  )

  (module Connector:1pin (layer F.Cu) (tedit 52E7E2A1) (tstamp 5CC3E679)
    (at 23 24)
    (descr "module 1 pin (ou trou mecanique de percage)")
    (tags DEV)
    (path /5CC72C32)
    (fp_text reference J3 (at -3.937 -0.381 90) (layer F.SilkS) hide
      (effects (font (size 1.016 1.016) (thickness 0.254)))
    )
    (fp_text value Conn_01x01 (at 0 2.794) (layer F.SilkS) hide
      (effects (font (size 1.016 1.016) (thickness 0.254)))
    )
    (fp_circle (center 0 0) (end 0 -2.286) (layer F.SilkS) (width 0.381))
    (pad "" thru_hole circle (at 0 0) (size 3 3) (drill 3) (layers *.Cu *.Mask F.SilkS))
  )

  (module Resistor_SMD:R_0805_2012Metric_Pad1.15x1.40mm_HandSolder (layer F.Cu) (tedit 5B36C52B) (tstamp 5CC384D0)
    (at 38.1635 33.7185 180)
    (descr "Resistor SMD 0805 (2012 Metric), square (rectangular) end terminal, IPC_7351 nominal with elongated pad for handsoldering. (Body size source: https://docs.google.com/spreadsheets/d/1BsfQQcO9C6DZCsRaXUlFlo91Tg2WpOkGARC1WS5S8t0/edit?usp=sharing), generated with kicad-footprint-generator")
    (tags "resistor handsolder")
    (path /5D02EEB5)
    (attr smd)
    (fp_text reference R3 (at 2.921 0 180) (layer F.SilkS)
      (effects (font (size 1 1) (thickness 0.15)))
    )
    (fp_text value 4.7K (at 0 1.65 180) (layer F.Fab)
      (effects (font (size 1 1) (thickness 0.15)))
    )
    (fp_text user %R (at 0 0.0635 180) (layer F.Fab)
      (effects (font (size 0.5 0.5) (thickness 0.08)))
    )
    (fp_line (start 1.85 0.95) (end -1.85 0.95) (layer F.CrtYd) (width 0.05))
    (fp_line (start 1.85 -0.95) (end 1.85 0.95) (layer F.CrtYd) (width 0.05))
    (fp_line (start -1.85 -0.95) (end 1.85 -0.95) (layer F.CrtYd) (width 0.05))
    (fp_line (start -1.85 0.95) (end -1.85 -0.95) (layer F.CrtYd) (width 0.05))
    (fp_line (start -0.261252 0.71) (end 0.261252 0.71) (layer F.SilkS) (width 0.12))
    (fp_line (start -0.261252 -0.71) (end 0.261252 -0.71) (layer F.SilkS) (width 0.12))
    (fp_line (start 1 0.6) (end -1 0.6) (layer F.Fab) (width 0.1))
    (fp_line (start 1 -0.6) (end 1 0.6) (layer F.Fab) (width 0.1))
    (fp_line (start -1 -0.6) (end 1 -0.6) (layer F.Fab) (width 0.1))
    (fp_line (start -1 0.6) (end -1 -0.6) (layer F.Fab) (width 0.1))
    (pad 2 smd roundrect (at 1.025 0 180) (size 1.15 1.4) (layers F.Cu F.Paste F.Mask) (roundrect_rratio 0.217391)
      (net 9 /OUT2))
    (pad 1 smd roundrect (at -1.025 0 180) (size 1.15 1.4) (layers F.Cu F.Paste F.Mask) (roundrect_rratio 0.217391)
      (net 8 /OUT1))
    (model ${KISYS3DMOD}/Resistor_SMD.3dshapes/R_0805_2012Metric.wrl
      (at (xyz 0 0 0))
      (scale (xyz 1 1 1))
      (rotate (xyz 0 0 0))
    )
  )

  (module Resistor_SMD:R_0805_2012Metric_Pad1.15x1.40mm_HandSolder (layer B.Cu) (tedit 5B36C52B) (tstamp 5CC384AE)
    (at 42.3545 36.068 270)
    (descr "Resistor SMD 0805 (2012 Metric), square (rectangular) end terminal, IPC_7351 nominal with elongated pad for handsoldering. (Body size source: https://docs.google.com/spreadsheets/d/1BsfQQcO9C6DZCsRaXUlFlo91Tg2WpOkGARC1WS5S8t0/edit?usp=sharing), generated with kicad-footprint-generator")
    (tags "resistor handsolder")
    (path /5C6CA504)
    (attr smd)
    (fp_text reference R1 (at -3.048 -0.127 270) (layer B.SilkS)
      (effects (font (size 1 1) (thickness 0.15)) (justify mirror))
    )
    (fp_text value 47K (at 0 -1.65 270) (layer B.Fab)
      (effects (font (size 1 1) (thickness 0.15)) (justify mirror))
    )
    (fp_text user %R (at 0 0 270) (layer B.Fab)
      (effects (font (size 0.5 0.5) (thickness 0.08)) (justify mirror))
    )
    (fp_line (start 1.85 -0.95) (end -1.85 -0.95) (layer B.CrtYd) (width 0.05))
    (fp_line (start 1.85 0.95) (end 1.85 -0.95) (layer B.CrtYd) (width 0.05))
    (fp_line (start -1.85 0.95) (end 1.85 0.95) (layer B.CrtYd) (width 0.05))
    (fp_line (start -1.85 -0.95) (end -1.85 0.95) (layer B.CrtYd) (width 0.05))
    (fp_line (start -0.261252 -0.71) (end 0.261252 -0.71) (layer B.SilkS) (width 0.12))
    (fp_line (start -0.261252 0.71) (end 0.261252 0.71) (layer B.SilkS) (width 0.12))
    (fp_line (start 1 -0.6) (end -1 -0.6) (layer B.Fab) (width 0.1))
    (fp_line (start 1 0.6) (end 1 -0.6) (layer B.Fab) (width 0.1))
    (fp_line (start -1 0.6) (end 1 0.6) (layer B.Fab) (width 0.1))
    (fp_line (start -1 -0.6) (end -1 0.6) (layer B.Fab) (width 0.1))
    (pad 2 smd roundrect (at 1.025 0 270) (size 1.15 1.4) (layers B.Cu B.Paste B.Mask) (roundrect_rratio 0.217391)
      (net 10 /SF))
    (pad 1 smd roundrect (at -1.025 0 270) (size 1.15 1.4) (layers B.Cu B.Paste B.Mask) (roundrect_rratio 0.217391)
      (net 2 /5V))
    (model ${KISYS3DMOD}/Resistor_SMD.3dshapes/R_0805_2012Metric.wrl
      (at (xyz 0 0 0))
      (scale (xyz 1 1 1))
      (rotate (xyz 0 0 0))
    )
  )

  (module Diode_SMD:D_SMA (layer F.Cu) (tedit 586432E5) (tstamp 5CC38477)
    (at 28.575 33.02 180)
    (descr "Diode SMA (DO-214AC)")
    (tags "Diode SMA (DO-214AC)")
    (path /5C76D302)
    (attr smd)
    (fp_text reference D1 (at 4.445 1.016 180) (layer F.SilkS)
      (effects (font (size 1 1) (thickness 0.15)))
    )
    (fp_text value TPSMB24A (at 0 2.6 180) (layer F.Fab)
      (effects (font (size 1 1) (thickness 0.15)))
    )
    (fp_line (start -3.4 -1.65) (end 2 -1.65) (layer F.SilkS) (width 0.12))
    (fp_line (start -3.4 1.65) (end 2 1.65) (layer F.SilkS) (width 0.12))
    (fp_line (start -0.64944 0.00102) (end 0.50118 -0.79908) (layer F.Fab) (width 0.1))
    (fp_line (start -0.64944 0.00102) (end 0.50118 0.75032) (layer F.Fab) (width 0.1))
    (fp_line (start 0.50118 0.75032) (end 0.50118 -0.79908) (layer F.Fab) (width 0.1))
    (fp_line (start -0.64944 -0.79908) (end -0.64944 0.80112) (layer F.Fab) (width 0.1))
    (fp_line (start 0.50118 0.00102) (end 1.4994 0.00102) (layer F.Fab) (width 0.1))
    (fp_line (start -0.64944 0.00102) (end -1.55114 0.00102) (layer F.Fab) (width 0.1))
    (fp_line (start -3.5 1.75) (end -3.5 -1.75) (layer F.CrtYd) (width 0.05))
    (fp_line (start 3.5 1.75) (end -3.5 1.75) (layer F.CrtYd) (width 0.05))
    (fp_line (start 3.5 -1.75) (end 3.5 1.75) (layer F.CrtYd) (width 0.05))
    (fp_line (start -3.5 -1.75) (end 3.5 -1.75) (layer F.CrtYd) (width 0.05))
    (fp_line (start 2.3 -1.5) (end -2.3 -1.5) (layer F.Fab) (width 0.1))
    (fp_line (start 2.3 -1.5) (end 2.3 1.5) (layer F.Fab) (width 0.1))
    (fp_line (start -2.3 1.5) (end -2.3 -1.5) (layer F.Fab) (width 0.1))
    (fp_line (start 2.3 1.5) (end -2.3 1.5) (layer F.Fab) (width 0.1))
    (fp_line (start -3.4 -1.65) (end -3.4 1.65) (layer F.SilkS) (width 0.12))
    (fp_text user %R (at 0 -2.5 180) (layer F.Fab)
      (effects (font (size 1 1) (thickness 0.15)))
    )
    (pad 2 smd rect (at 2 0 180) (size 2.5 1.8) (layers F.Cu F.Paste F.Mask)
      (net 6 /12V))
    (pad 1 smd rect (at -2 0 180) (size 2.5 1.8) (layers F.Cu F.Paste F.Mask)
      (net 5 "Net-(C1-Pad1)"))
    (model ${KISYS3DMOD}/Diode_SMD.3dshapes/D_SMA.wrl
      (at (xyz 0 0 0))
      (scale (xyz 1 1 1))
      (rotate (xyz 0 0 0))
    )
  )

  (module Capacitor_SMD:C_0805_2012Metric_Pad1.15x1.40mm_HandSolder (layer F.Cu) (tedit 5CB11862) (tstamp 5CC3845F)
    (at 38.1635 31.75 180)
    (descr "Capacitor SMD 0805 (2012 Metric), square (rectangular) end terminal, IPC_7351 nominal with elongated pad for handsoldering. (Body size source: https://docs.google.com/spreadsheets/d/1BsfQQcO9C6DZCsRaXUlFlo91Tg2WpOkGARC1WS5S8t0/edit?usp=sharing), generated with kicad-footprint-generator")
    (tags "capacitor handsolder")
    (path /5D02EEB4)
    (attr smd)
    (fp_text reference C3 (at 2.921 0 180) (layer F.SilkS)
      (effects (font (size 1 1) (thickness 0.15)))
    )
    (fp_text value 10nF (at 0 1.65 180) (layer F.Fab)
      (effects (font (size 1 1) (thickness 0.15)))
    )
    (fp_line (start -1 0.6) (end -1 -0.6) (layer F.Fab) (width 0.1))
    (fp_line (start -1 -0.6) (end 1 -0.6) (layer F.Fab) (width 0.1))
    (fp_line (start 1 -0.6) (end 1 0.6) (layer F.Fab) (width 0.1))
    (fp_line (start 1 0.6) (end -1 0.6) (layer F.Fab) (width 0.1))
    (fp_line (start -0.261252 -0.71) (end 0.261252 -0.71) (layer F.SilkS) (width 0.12))
    (fp_line (start -0.261252 0.71) (end 0.261252 0.71) (layer F.SilkS) (width 0.12))
    (fp_line (start -1.85 0.95) (end -1.85 -0.95) (layer F.CrtYd) (width 0.05))
    (fp_line (start -1.85 -0.95) (end 1.85 -0.95) (layer F.CrtYd) (width 0.05))
    (fp_line (start 1.85 -0.95) (end 1.85 0.95) (layer F.CrtYd) (width 0.05))
    (fp_line (start 1.85 0.95) (end -1.85 0.95) (layer F.CrtYd) (width 0.05))
    (fp_text user %R (at 0 0 180) (layer F.Fab)
      (effects (font (size 0.5 0.5) (thickness 0.08)))
    )
    (pad 1 smd roundrect (at -1.025 0 180) (size 1.15 1.4) (layers F.Cu F.Paste F.Mask) (roundrect_rratio 0.217)
      (net 8 /OUT1))
    (pad 2 smd roundrect (at 1.025 0 180) (size 1.15 1.4) (layers F.Cu F.Paste F.Mask) (roundrect_rratio 0.217)
      (net 9 /OUT2))
    (model ${KISYS3DMOD}/Capacitor_SMD.3dshapes/C_0805_2012Metric.wrl
      (at (xyz 0 0 0))
      (scale (xyz 1 1 1))
      (rotate (xyz 0 0 0))
    )
  )

  (module Capacitor_SMD:C_0805_2012Metric_Pad1.15x1.40mm_HandSolder (layer B.Cu) (tedit 5CB11862) (tstamp 5CC3844E)
    (at 52.5272 37.973 180)
    (descr "Capacitor SMD 0805 (2012 Metric), square (rectangular) end terminal, IPC_7351 nominal with elongated pad for handsoldering. (Body size source: https://docs.google.com/spreadsheets/d/1BsfQQcO9C6DZCsRaXUlFlo91Tg2WpOkGARC1WS5S8t0/edit?usp=sharing), generated with kicad-footprint-generator")
    (tags "capacitor handsolder")
    (path /5C6A27DA)
    (attr smd)
    (fp_text reference C2 (at -3.06 0.05 180) (layer B.SilkS)
      (effects (font (size 1 1) (thickness 0.15)) (justify mirror))
    )
    (fp_text value 33nF (at 0 -1.65 180) (layer B.Fab)
      (effects (font (size 1 1) (thickness 0.15)) (justify mirror))
    )
    (fp_line (start -1 -0.6) (end -1 0.6) (layer B.Fab) (width 0.1))
    (fp_line (start -1 0.6) (end 1 0.6) (layer B.Fab) (width 0.1))
    (fp_line (start 1 0.6) (end 1 -0.6) (layer B.Fab) (width 0.1))
    (fp_line (start 1 -0.6) (end -1 -0.6) (layer B.Fab) (width 0.1))
    (fp_line (start -0.261252 0.71) (end 0.261252 0.71) (layer B.SilkS) (width 0.12))
    (fp_line (start -0.261252 -0.71) (end 0.261252 -0.71) (layer B.SilkS) (width 0.12))
    (fp_line (start -1.85 -0.95) (end -1.85 0.95) (layer B.CrtYd) (width 0.05))
    (fp_line (start -1.85 0.95) (end 1.85 0.95) (layer B.CrtYd) (width 0.05))
    (fp_line (start 1.85 0.95) (end 1.85 -0.95) (layer B.CrtYd) (width 0.05))
    (fp_line (start 1.85 -0.95) (end -1.85 -0.95) (layer B.CrtYd) (width 0.05))
    (fp_text user %R (at 0 0 180) (layer B.Fab)
      (effects (font (size 0.5 0.5) (thickness 0.08)) (justify mirror))
    )
    (pad 1 smd roundrect (at -1.025 0 180) (size 1.15 1.4) (layers B.Cu B.Paste B.Mask) (roundrect_rratio 0.217)
      (net 5 "Net-(C1-Pad1)"))
    (pad 2 smd roundrect (at 1.025 0 180) (size 1.15 1.4) (layers B.Cu B.Paste B.Mask) (roundrect_rratio 0.217)
      (net 7 "Net-(C2-Pad2)"))
    (model ${KISYS3DMOD}/Capacitor_SMD.3dshapes/C_0805_2012Metric.wrl
      (at (xyz 0 0 0))
      (scale (xyz 1 1 1))
      (rotate (xyz 0 0 0))
    )
  )

  (module Capacitor_SMD:C_0805_2012Metric_Pad1.15x1.40mm_HandSolder (layer F.Cu) (tedit 5CB11862) (tstamp 5CC3843D)
    (at 28.194 30.226 180)
    (descr "Capacitor SMD 0805 (2012 Metric), square (rectangular) end terminal, IPC_7351 nominal with elongated pad for handsoldering. (Body size source: https://docs.google.com/spreadsheets/d/1BsfQQcO9C6DZCsRaXUlFlo91Tg2WpOkGARC1WS5S8t0/edit?usp=sharing), generated with kicad-footprint-generator")
    (tags "capacitor handsolder")
    (path /5CADF95B)
    (attr smd)
    (fp_text reference C1 (at -3.06 -0.05 180) (layer F.SilkS)
      (effects (font (size 1 1) (thickness 0.15)))
    )
    (fp_text value 100nF (at 0 1.65 180) (layer F.Fab)
      (effects (font (size 1 1) (thickness 0.15)))
    )
    (fp_line (start -1 0.6) (end -1 -0.6) (layer F.Fab) (width 0.1))
    (fp_line (start -1 -0.6) (end 1 -0.6) (layer F.Fab) (width 0.1))
    (fp_line (start 1 -0.6) (end 1 0.6) (layer F.Fab) (width 0.1))
    (fp_line (start 1 0.6) (end -1 0.6) (layer F.Fab) (width 0.1))
    (fp_line (start -0.261252 -0.71) (end 0.261252 -0.71) (layer F.SilkS) (width 0.12))
    (fp_line (start -0.261252 0.71) (end 0.261252 0.71) (layer F.SilkS) (width 0.12))
    (fp_line (start -1.85 0.95) (end -1.85 -0.95) (layer F.CrtYd) (width 0.05))
    (fp_line (start -1.85 -0.95) (end 1.85 -0.95) (layer F.CrtYd) (width 0.05))
    (fp_line (start 1.85 -0.95) (end 1.85 0.95) (layer F.CrtYd) (width 0.05))
    (fp_line (start 1.85 0.95) (end -1.85 0.95) (layer F.CrtYd) (width 0.05))
    (fp_text user %R (at 0 0 180) (layer F.Fab)
      (effects (font (size 0.5 0.5) (thickness 0.08)))
    )
    (pad 1 smd roundrect (at -1.025 0 180) (size 1.15 1.4) (layers F.Cu F.Paste F.Mask) (roundrect_rratio 0.217)
      (net 5 "Net-(C1-Pad1)"))
    (pad 2 smd roundrect (at 1.025 0 180) (size 1.15 1.4) (layers F.Cu F.Paste F.Mask) (roundrect_rratio 0.217)
      (net 6 /12V))
    (model ${KISYS3DMOD}/Capacitor_SMD.3dshapes/C_0805_2012Metric.wrl
      (at (xyz 0 0 0))
      (scale (xyz 1 1 1))
      (rotate (xyz 0 0 0))
    )
  )

  (gr_line (start 63 42) (end 63 20) (layer Edge.Cuts) (width 0.15) (tstamp 5CC8CC05))
  (gr_text TLE7209 (at 29.591 24.511) (layer B.SilkS) (tstamp 5CC4C7A4)
    (effects (font (size 1 1) (thickness 0.15)) (justify mirror))
  )
  (gr_text TLE7209 (at 29.464 24.511) (layer F.SilkS)
    (effects (font (size 1 1) (thickness 0.15)))
  )
  (gr_line (start 63 20) (end 20 20) (layer Edge.Cuts) (width 0.15) (tstamp 5CC38A27))
  (gr_text "rusefi v0.1" (at 29.972 22.606) (layer B.SilkS) (tstamp 5CC38918)
    (effects (font (size 1 1) (thickness 0.15)) (justify mirror))
  )
  (gr_text GND (at 21.59 35.306) (layer F.SilkS) (tstamp 5CC388C0)
    (effects (font (size 0.6 0.6) (thickness 0.15)))
  )
  (gr_text OUT2 (at 37.084 35.306) (layer F.SilkS) (tstamp 5CC388BF)
    (effects (font (size 0.6 0.6) (thickness 0.15)))
  )
  (gr_text DIS (at 29.464 36.322) (layer F.SilkS) (tstamp 5CC388BE)
    (effects (font (size 0.6 0.6) (thickness 0.15)))
  )
  (gr_text 5V (at 24.13 36.322) (layer F.SilkS) (tstamp 5CC388BD)
    (effects (font (size 0.6 0.6) (thickness 0.15)))
  )
  (gr_text 12V (at 26.67 36.322) (layer F.SilkS) (tstamp 5CC388BC)
    (effects (font (size 0.6 0.6) (thickness 0.15)))
  )
  (gr_text "OUT1\n" (at 39.878 36.322) (layer F.SilkS) (tstamp 5CC388BB)
    (effects (font (size 0.6 0.6) (thickness 0.15)))
  )
  (gr_text 5V (at 24.13 35.306) (layer F.SilkS) (tstamp 5CC388BA)
    (effects (font (size 0.6 0.6) (thickness 0.15)))
  )
  (gr_text OUT2 (at 37.084 36.322) (layer F.SilkS) (tstamp 5CC388B9)
    (effects (font (size 0.6 0.6) (thickness 0.15)))
  )
  (gr_text IN2 (at 31.9405 35.3695) (layer F.SilkS) (tstamp 5CC388B8)
    (effects (font (size 0.6 0.6) (thickness 0.15)))
  )
  (gr_text 12V (at 26.67 35.306) (layer F.SilkS) (tstamp 5CC388B7)
    (effects (font (size 0.6 0.6) (thickness 0.15)))
  )
  (gr_text IN1 (at 34.29 36.322) (layer F.SilkS) (tstamp 5CC388B6)
    (effects (font (size 0.6 0.6) (thickness 0.15)))
  )
  (gr_text SF (at 34.29 35.306) (layer F.SilkS) (tstamp 5CC388B5)
    (effects (font (size 0.6 0.6) (thickness 0.15)))
  )
  (gr_text "OUT1\n" (at 39.878 35.306) (layer F.SilkS) (tstamp 5CC388B4)
    (effects (font (size 0.6 0.6) (thickness 0.15)))
  )
  (gr_text EN (at 29.464 35.306) (layer F.SilkS) (tstamp 5CC388B3)
    (effects (font (size 0.6 0.6) (thickness 0.15)))
  )
  (gr_text GND (at 21.59 36.322) (layer F.SilkS) (tstamp 5CC388B2)
    (effects (font (size 0.6 0.6) (thickness 0.15)))
  )
  (gr_text IN1 (at 34.29 36.322) (layer B.SilkS)
    (effects (font (size 0.6 0.6) (thickness 0.15)) (justify mirror))
  )
  (gr_text 5V (at 24.13 36.322) (layer B.SilkS) (tstamp 5CC353A8)
    (effects (font (size 0.6 0.6) (thickness 0.15)) (justify mirror))
  )
  (gr_text GND (at 21.59 36.322) (layer B.SilkS) (tstamp 5CC353A4)
    (effects (font (size 0.6 0.6) (thickness 0.15)) (justify mirror))
  )
  (gr_text GND (at 21.59 35.306) (layer B.SilkS)
    (effects (font (size 0.6 0.6) (thickness 0.15)) (justify mirror))
  )
  (gr_text 5V (at 24.13 35.306) (layer B.SilkS)
    (effects (font (size 0.6 0.6) (thickness 0.15)) (justify mirror))
  )
  (gr_text 12V (at 26.67 36.322) (layer B.SilkS) (tstamp 5CC3536D)
    (effects (font (size 0.6 0.6) (thickness 0.15)) (justify mirror))
  )
  (gr_text 12V (at 26.67 35.306) (layer B.SilkS)
    (effects (font (size 0.6 0.6) (thickness 0.15)) (justify mirror))
  )
  (gr_text IN2 (at 31.9405 35.3695) (layer B.SilkS)
    (effects (font (size 0.6 0.6) (thickness 0.15)) (justify mirror))
  )
  (gr_text EN (at 29.464 35.306) (layer B.SilkS)
    (effects (font (size 0.6 0.6) (thickness 0.15)) (justify mirror))
  )
  (gr_text DIS (at 29.464 36.322) (layer B.SilkS)
    (effects (font (size 0.6 0.6) (thickness 0.15)) (justify mirror))
  )
  (gr_text SF (at 34.29 35.306) (layer B.SilkS)
    (effects (font (size 0.6 0.6) (thickness 0.15)) (justify mirror))
  )
  (gr_text OUT2 (at 37.084 36.322) (layer B.SilkS) (tstamp 5CC3521A)
    (effects (font (size 0.6 0.6) (thickness 0.15)) (justify mirror))
  )
  (gr_text OUT2 (at 37.084 35.306) (layer B.SilkS)
    (effects (font (size 0.6 0.6) (thickness 0.15)) (justify mirror))
  )
  (gr_text "OUT1\n" (at 39.878 35.306) (layer B.SilkS) (tstamp 5CC351F8)
    (effects (font (size 0.6 0.6) (thickness 0.15)) (justify mirror))
  )
  (gr_text "OUT1\n" (at 39.878 36.322) (layer B.SilkS)
    (effects (font (size 0.6 0.6) (thickness 0.15)) (justify mirror))
  )
  (gr_circle (center 46.228 37.846) (end 46.736 38.354) (layer F.SilkS) (width 0.25))
  (gr_text "rusefi v0.1" (at 30.226 22.606) (layer F.SilkS)
    (effects (font (size 1 1) (thickness 0.15)))
  )
  (gr_line (start 63 42) (end 20 42) (layer Edge.Cuts) (width 0.15) (tstamp 5CC3DE68))
  (gr_line (start 20 20) (end 20 42) (layer Edge.Cuts) (width 0.15) (tstamp 5CC3B9A3))

